Pozicia : lezi na chrbte


# Choregraphe simplified export in Python.
from naoqi import ALProxy
names = list()
times = list()
keys = list()

names.append("LAnklePitch")
times.append([0.8, 2.4, 4, 5.6, 7.2, 8.8, 10.4, 12, 13.6, 15.2, 16.8, 18.4])
keys.append([0.09, 0.09, 0.09, 0.09, 0.09, 0.09, 0.09, 0.09, 0.09, 0.09, 0.09, 0.09])

names.append("LAnkleRoll")
times.append([0.8, 2.4, 4, 5.6, 7.2, 8.8, 10.4, 12, 13.6, 15.2, 16.8, 18.4])
keys.append([-0.13, -0.13, -0.13, -0.13, -0.13, -0.13, -0.13, -0.13, -0.13, -0.13, -0.13, -0.13])

names.append("LHipPitch")
times.append([0.8, 2.4, 4, 5.6, 7.2, 8.8, 10.4, 12, 13.6, 15.2, 16.8, 18.4])
keys.append([-0.0541052, -0.0541052, -1.53589, -0.23911, -0.0541052, -0.0541052, -1.53589, -0.23911, -0.0541052, -0.0541052, -1.53589, -0.23911])

names.append("LHipRoll")
times.append([0.8, 2.4, 4, 5.6, 7.2, 8.8, 10.4, 12, 13.6, 15.2, 16.8, 18.4])
keys.append([0.0820305, 0.0820305, 0.0820305, 0.0820305, 0.0820305, 0.0820305, 0.0820305, 0.0820305, 0.0820305, 0.0820305, 0.0820305, 0.0820305])

names.append("LHipYawPitch")
times.append([0.8, 2.4, 4, 5.6, 7.2, 8.8, 10.4, 12, 13.6, 15.2, 16.8, 18.4])
keys.append([-0.129154, -0.129154, -0.129154, -0.129154, -0.129154, -0.129154, -0.129154, -0.129154, -0.129154, -0.129154, -0.129154, -0.129154])

names.append("LKneePitch")
times.append([0.8, 2.4, 4, 5.6, 7.2, 8.8, 10.4, 12, 13.6, 15.2, 16.8, 18.4])
keys.append([-0.09, -0.09, -0.09, -0.09, -0.09, -0.09, -0.09, -0.09, -0.09, -0.09, -0.09, -0.09])

names.append("RAnklePitch")
times.append([0.8, 2.4, 4, 5.6, 7.2, 8.8, 10.4, 12, 13.6, 15.2, 16.8, 18.4])
keys.append([0.09, 0.09, 0.09, 0.09, 0.09, 0.09, 0.09, 0.09, 0.09, 0.09, 0.09, 0.09])

names.append("RAnkleRoll")
times.append([0.8, 2.4, 4, 5.6, 7.2, 8.8, 10.4, 12, 13.6, 15.2, 16.8, 18.4])
keys.append([0.13, 0.13, 0.13, 0.13, 0.13, 0.13, 0.13, 0.13, 0.13, 0.13, 0.13, 0.13])

names.append("RHipPitch")
times.append([0.8, 2.4, 4, 5.6, 7.2, 8.8, 10.4, 12, 13.6, 15.2, 16.8, 18.4])
keys.append([-1.53589, -0.0541052, -0.0598229, -0.0598229, -1.53589, -0.0541052, -0.0598229, -0.0598229, -1.53589, -0.0541052, -0.0598229, -0.0598229])

names.append("RHipRoll")
times.append([0.8, 2.4, 4, 5.6, 7.2, 8.8, 10.4, 12, 13.6, 15.2, 16.8, 18.4])
keys.append([-0.1, -0.1, -0.1, -0.1, -0.1, -0.1, -0.1, -0.1, -0.1, -0.1, -0.1, -0.1])

names.append("RHipYawPitch")
times.append([0.8, 2.4, 4, 5.6, 7.2, 8.8, 10.4, 12, 13.6, 15.2, 16.8, 18.4])
keys.append([-0.129154, -0.129154, -0.129154, -0.129154, -0.129154, -0.129154, -0.129154, -0.129154, -0.129154, -0.129154, -0.129154, -0.129154])

names.append("RKneePitch")
times.append([0.8, 2.4, 4, 5.6, 7.2, 8.8, 10.4, 12, 13.6, 15.2, 16.8, 18.4])
keys.append([-0.0706235, -0.0706235, -0.0706235, -0.0706235, -0.0706235, -0.0706235, -0.0706235, -0.0706235, -0.0706235, -0.0706235, -0.0706235, -0.0706235])

try:
  # uncomment the following line and modify the IP if you use this script outside Choregraphe.
  # motion = ALProxy("ALMotion", IP, 9559)
  motion = ALProxy("ALMotion")
  motion.angleInterpolation(names, keys, times, True)
except BaseException, err:
  print err
