# Choregraphe simplified export in Python.
from naoqi import ALProxy
names = list()
times = list()
keys = list()

names.append("LElbowRoll")
times.append([1, 2.2, 4, 5.72, 7.4, 8.6, 10.4, 12.12, 13.6, 14.8, 16.6, 18.32])
keys.append([-0.394886, -0.394886, -0.394886, -0.394886, -0.394886, -0.394886, -0.394886, -0.394886, -0.394886, -0.394886, -0.394886, -0.394886])

names.append("LElbowYaw")
times.append([1, 2.2, 4, 5.72, 7.4, 8.6, 10.4, 12.12, 13.6, 14.8, 16.6, 18.32])
keys.append([-1.19793, -1.19793, -1.19793, -1.18603, -1.19793, -1.19793, -1.19793, -1.18603, -1.19793, -1.19793, -1.19793, -1.18603])

names.append("LHand")
times.append([1, 2.2, 4, 5.72, 7.4, 8.6, 10.4, 12.12, 13.6, 14.8, 16.6, 18.32])
keys.append([0.549692, 0.549692, 0.549692, 0.549692, 0.549692, 0.549692, 0.549692, 0.549692, 0.549692, 0.549692, 0.549692, 0.549692])

names.append("LShoulderPitch")
times.append([1, 2.2, 4, 5.72, 7.4, 8.6, 10.4, 12.12, 13.6, 14.8, 16.6, 18.32])
keys.append([1.53521, 1.53521, 0.127409, 1.4556, 1.53521, 1.53521, 0.127409, 1.4556, 1.53521, 1.53521, 0.127409, 1.4556])

names.append("LShoulderRoll")
times.append([1, 2.2, 4, 5.72, 7.4, 8.6, 10.4, 12.12, 13.6, 14.8, 16.6, 18.32])
keys.append([0.211876, 0.211876, 0.211876, 0.129228, 0.211876, 0.211876, 0.211876, 0.129228, 0.211876, 0.211876, 0.211876, 0.129228])

names.append("LWristYaw")
times.append([1, 2.2, 4, 5.72, 7.4, 8.6, 10.4, 12.12, 13.6, 14.8, 16.6, 18.32])
keys.append([0.0905859, 0.0905859, 1.14145, 1.133, 0.0905859, 0.0905859, 1.14145, 1.133, 0.0905859, 0.0905859, 1.14145, 1.133])

names.append("RElbowRoll")
times.append([1, 2.2, 4, 5.72, 7.4, 8.6, 10.4, 12.12, 13.6, 14.8, 16.6, 18.32])
keys.append([0.279253, 0.288271, 0.277924, 0.277924, 0.279253, 0.288271, 0.277924, 0.277924, 0.279253, 0.288271, 0.277924, 0.277924])

names.append("RElbowYaw")
times.append([1, 2.2, 4, 5.72, 7.4, 8.6, 10.4, 12.12, 13.6, 14.8, 16.6, 18.32])
keys.append([1.2076, 1.19355, 1.20607, 1.20607, 1.2076, 1.19355, 1.20607, 1.20607, 1.2076, 1.19355, 1.20607, 1.20607])

names.append("RHand")
times.append([1, 2.2, 4, 5.72, 7.4, 8.6, 10.4, 12.12, 13.6, 14.8, 16.6, 18.32])
keys.append([0.45, 0.45, 0.45, 0.45, 0.45, 0.45, 0.45, 0.45, 0.45, 0.45, 0.45, 0.45])

names.append("RShoulderPitch")
times.append([1, 2.2, 4, 5.72, 7.4, 8.6, 10.4, 12.12, 13.6, 14.8, 16.6, 18.32])
keys.append([0.0750492, 1.57603, 1.55035, 1.55035, 0.0750492, 1.57603, 1.55035, 1.55035, 0.0750492, 1.57603, 1.55035, 1.55035])

names.append("RShoulderRoll")
times.append([1, 2.2, 4, 5.72, 7.4, 8.6, 10.4, 12.12, 13.6, 14.8, 16.6, 18.32])
keys.append([-0.259962, -0.188103, -0.246725, -0.246725, -0.259962, -0.188103, -0.246725, -0.246725, -0.259962, -0.188103, -0.246725, -0.246725])

names.append("RWristYaw")
times.append([1, 2.2, 4, 5.72, 7.4, 8.6, 10.4, 12.12, 13.6, 14.8, 16.6, 18.32])
keys.append([-1.34739, -1.33845, -1.33845, -1.33845, -1.34739, -1.33845, -1.33845, -1.33845, -1.34739, -1.33845, -1.33845, -1.33845])

try:
  # uncomment the following line and modify the IP if you use this script outside Choregraphe.
  # motion = ALProxy("ALMotion", IP, 9559)
  motion = ALProxy("ALMotion")
  motion.angleInterpolation(names, keys, times, True)
except BaseException, err:
  print err
