# Choregraphe simplified export in Python.
from naoqi import ALProxy
names = list()
times = list()
keys = list()

names.append("LElbowRoll")
times.append([2, 4.4, 6.8, 8.8, 10.8, 13.2, 15.6, 17.6, 19.6, 22, 24.4, 26.4])
keys.append([-0.328122, -0.328122, -0.328122, -0.328122, -0.328122, -0.328122, -0.328122, -0.328122, -0.328122, -0.328122, -0.328122, -0.328122])

names.append("LElbowYaw")
times.append([2, 4.4, 6.8, 8.8, 10.8, 13.2, 15.6, 17.6, 19.6, 22, 24.4, 26.4])
keys.append([-1.1937, -1.17828, -1.1937, -1.17828, -1.1937, -1.17828, -1.1937, -1.17828, -1.1937, -1.17828, -1.1937, -1.17828])

names.append("LHand")
times.append([2, 4.4, 6.8, 8.8, 10.8, 13.2, 15.6, 17.6, 19.6, 22, 24.4, 26.4])
keys.append([0.3, 0.3, 0.3, 0.3, 0.3, 0.3, 0.3, 0.3, 0.3, 0.3, 0.3, 0.3])

names.append("LShoulderPitch")
times.append([2, 4.4, 6.8, 8.8, 10.8, 13.2, 15.6, 17.6, 19.6, 22, 24.4, 26.4])
keys.append([0.195477, 1.69471, 0.195477, 1.69471, 0.195477, 1.69471, 0.195477, 1.69471, 0.195477, 1.69471, 0.195477, 1.69471])

names.append("LShoulderRoll")
times.append([2, 4.4, 6.8, 8.8, 10.8, 13.2, 15.6, 17.6, 19.6, 22, 24.4, 26.4])
keys.append([1.32645, 0.207694, 1.32645, 0.207694, 1.32645, 0.207694, 1.32645, 0.207694, 1.32645, 0.207694, 1.32645, 0.207694])

names.append("LWristYaw")
times.append([2, 4.4, 6.8, 8.8, 10.8, 13.2, 15.6, 17.6, 19.6, 22, 24.4, 26.4])
keys.append([1.20951, -0.118682, 1.20951, -0.118682, 1.20951, -0.118682, 1.20951, -0.118682, 1.20951, -0.118682, 1.20951, -0.118682])

names.append("RElbowRoll")
times.append([2, 4.4, 6.8, 8.8, 10.8, 13.2, 15.6, 17.6, 19.6, 22, 24.4, 26.4])
keys.append([0.305433, 0.300284, 0.305433, 0.300284, 0.305433, 0.300284, 0.305433, 0.300284, 0.305433, 0.300284, 0.305433, 0.300284])

names.append("RElbowYaw")
times.append([2, 4.4, 6.8, 8.8, 10.8, 13.2, 15.6, 17.6, 19.6, 22, 24.4, 26.4])
keys.append([1.17959, 1.19546, 1.17959, 1.19546, 1.17959, 1.19546, 1.17959, 1.19546, 1.17959, 1.19546, 1.17959, 1.19546])

names.append("RHand")
times.append([2, 4.4, 6.8, 8.8, 10.8, 13.2, 15.6, 17.6, 19.6, 22, 24.4, 26.4])
keys.append([0.3, 0.3, 0.3, 0.3, 0.3, 0.3, 0.3, 0.3, 0.3, 0.3, 0.3, 0.3])

names.append("RShoulderPitch")
times.append([2, 4.4, 6.8, 8.8, 10.8, 13.2, 15.6, 17.6, 19.6, 22, 24.4, 26.4])
keys.append([0.375302, 1.72517, 0.375302, 1.72517, 0.375302, 1.72517, 0.375302, 1.72517, 0.375302, 1.72517, 0.375302, 1.72517])

names.append("RShoulderRoll")
times.append([2, 4.4, 6.8, 8.8, 10.8, 13.2, 15.6, 17.6, 19.6, 22, 24.4, 26.4])
keys.append([-1.32253, -0.30541, -1.32253, -0.30541, -1.32253, -0.30541, -1.32253, -0.30541, -1.32253, -0.30541, -1.32253, -0.30541])

names.append("RWristYaw")
times.append([2, 4.4, 6.8, 8.8, 10.8, 13.2, 15.6, 17.6, 19.6, 22, 24.4, 26.4])
keys.append([-1.03446, 0.114274, -1.03446, 0.114274, -1.03446, 0.114274, -1.03446, 0.114274, -1.03446, 0.114274, -1.03446, 0.114274])

try:
  # uncomment the following line and modify the IP if you use this script outside Choregraphe.
  # motion = ALProxy("ALMotion", IP, 9559)
  motion = ALProxy("ALMotion")
  motion.angleInterpolation(names, keys, times, True)
except BaseException, err:
  print err
