# Choregraphe simplified export in Python.
from naoqi import ALProxy
names = list()
times = list()
keys = list()

names.append("LElbowRoll")
times.append([2, 4, 6.4, 8.4, 10.4, 12.4, 14.8, 16.8, 18.8, 20.8, 23.2, 25.2])
keys.append([-1.41023, -0.42237, -1.41023, -0.42237, -1.41023, -0.42237, -1.41023, -0.42237, -1.41023, -0.42237, -1.41023, -0.42237])

names.append("LElbowYaw")
times.append([2, 4, 6.4, 8.4, 10.4, 12.4, 14.8, 16.8, 18.8, 20.8, 23.2, 25.2])
keys.append([-1.18043, -1.18043, -1.18043, -1.18043, -1.18043, -1.18043, -1.18043, -1.18043, -1.18043, -1.18043, -1.18043, -1.18043])

names.append("LHand")
times.append([2, 4, 6.4, 8.4, 10.4, 12.4, 14.8, 16.8, 18.8, 20.8, 23.2, 25.2])
keys.append([0.3, 0.3, 0.3, 0.3, 0.3, 0.3, 0.3, 0.3, 0.3, 0.3, 0.3, 0.3])

names.append("LShoulderPitch")
times.append([2, 4, 6.4, 8.4, 10.4, 12.4, 14.8, 16.8, 18.8, 20.8, 23.2, 25.2])
keys.append([-0.254818, -1.12574, -0.254818, -1.12574, -0.254818, -1.12574, -0.254818, -1.12574, -0.254818, -1.12574, -0.254818, -1.12574])

names.append("LShoulderRoll")
times.append([2, 4, 6.4, 8.4, 10.4, 12.4, 14.8, 16.8, 18.8, 20.8, 23.2, 25.2])
keys.append([1.10828, 0.0925025, 1.10828, 0.0925025, 1.10828, 0.0925025, 1.10828, 0.0925025, 1.10828, 0.0925025, 1.10828, 0.0925025])

names.append("LWristYaw")
times.append([2, 4, 6.4, 8.4, 10.4, 12.4, 14.8, 16.8, 18.8, 20.8, 23.2, 25.2])
keys.append([0.289725, 1.04022, 0.289725, 1.04022, 0.289725, 1.04022, 0.289725, 1.04022, 0.289725, 1.04022, 0.289725, 1.04022])

names.append("RElbowRoll")
times.append([2, 4, 6.4, 8.4, 10.4, 12.4, 14.8, 16.8, 18.8, 20.8, 23.2, 25.2])
keys.append([1.27409, 0.293215, 1.27409, 0.293215, 1.27409, 0.293215, 1.27409, 0.293215, 1.27409, 0.293215, 1.27409, 0.293215])

names.append("RElbowYaw")
times.append([2, 4, 6.4, 8.4, 10.4, 12.4, 14.8, 16.8, 18.8, 20.8, 23.2, 25.2])
keys.append([1.18872, 1.18872, 1.18872, 1.18872, 1.18872, 1.18872, 1.18872, 1.18872, 1.18872, 1.18872, 1.18872, 1.18872])

names.append("RHand")
times.append([2, 4, 6.4, 8.4, 10.4, 12.4, 14.8, 16.8, 18.8, 20.8, 23.2, 25.2])
keys.append([0.3, 0.3, 0.3, 0.3, 0.3, 0.3, 0.3, 0.3, 0.3, 0.3, 0.3, 0.3])

names.append("RShoulderPitch")
times.append([2, 4, 6.4, 8.4, 10.4, 12.4, 14.8, 16.8, 18.8, 20.8, 23.2, 25.2])
keys.append([-0.315905, -1.21475, -0.315905, -1.21475, -0.315905, -1.21475, -0.315905, -1.21475, -0.315905, -1.21475, -0.315905, -1.21475])

names.append("RShoulderRoll")
times.append([2, 4, 6.4, 8.4, 10.4, 12.4, 14.8, 16.8, 18.8, 20.8, 23.2, 25.2])
keys.append([-1.10828, -0.0785398, -1.10828, -0.0785398, -1.10828, -0.0785398, -1.10828, -0.0785398, -1.10828, -0.0785398, -1.10828, -0.0785398])

names.append("RWristYaw")
times.append([2, 4, 6.4, 8.4, 10.4, 12.4, 14.8, 16.8, 18.8, 20.8, 23.2, 25.2])
keys.append([-0.153589, -1.07338, -0.153589, -1.07338, -0.153589, -1.07338, -0.153589, -1.07338, -0.153589, -1.07338, -0.153589, -1.07338])

try:
  # uncomment the following line and modify the IP if you use this script outside Choregraphe.
  # motion = ALProxy("ALMotion", IP, 9559)
  motion = ALProxy("ALMotion")
  motion.angleInterpolation(names, keys, times, True)
except BaseException, err:
  print err
