zac poz: lezi na chrbte

# Choregraphe simplified export in Python.
from naoqi import ALProxy
names = list()
times = list()
keys = list()

names.append("LElbowRoll")
times.append([2, 4.4, 6.8, 9.2, 11.6, 14, 16.4, 18.8, 21.2, 23.6, 26, 28.4])
keys.append([-1.27758, -0.235619, -1.27758, -0.235619, -1.27758, -0.235619, -1.27758, -0.235619, -1.27758, -0.235619, -1.27758, -0.235619])

names.append("LElbowYaw")
times.append([2, 4.4, 6.8, 9.2, 11.6, 14, 16.4, 18.8, 21.2, 23.6, 26, 28.4])
keys.append([-1.18541, -1.18043, -1.18541, -1.18043, -1.18541, -1.18043, -1.18541, -1.18043, -1.18541, -1.18043, -1.18541, -1.18043])

names.append("LHand")
times.append([2, 4.4, 6.8, 9.2, 11.6, 14, 16.4, 18.8, 21.2, 23.6, 26, 28.4])
keys.append([0.3, 0.3, 0.3, 0.3, 0.3, 0.3, 0.3, 0.3, 0.3, 0.3, 0.3, 0.3])

names.append("LShoulderPitch")
times.append([2, 4.4, 6.8, 9.2, 11.6, 14, 16.4, 18.8, 21.2, 23.6, 26, 28.4])
keys.append([0.675442, 0.225147, 0.675442, 0.225147, 0.675442, 0.225147, 0.675442, 0.225147, 0.675442, 0.225147, 0.675442, 0.225147])

names.append("LShoulderRoll")
times.append([2, 4.4, 6.8, 9.2, 11.6, 14, 16.4, 18.8, 21.2, 23.6, 26, 28.4])
keys.append([0.586431, 0.122173, 0.586431, 0.122173, 0.586431, 0.122173, 0.586431, 0.122173, 0.586431, 0.122173, 0.586431, 0.122173])

names.append("LWristYaw")
times.append([2, 4.4, 6.8, 9.2, 11.6, 14, 16.4, 18.8, 21.2, 23.6, 26, 28.4])
keys.append([0.904081, 1.14145, 0.904081, 1.14145, 0.904081, 1.14145, 0.904081, 1.14145, 0.904081, 1.14145, 0.904081, 1.14145])

names.append("RElbowRoll")
times.append([2, 4.4, 6.8, 9.2, 11.6, 14, 16.4, 18.8, 21.2, 23.6, 26, 28.4])
keys.append([1.38684, 0.155493, 1.38684, 0.155493, 1.38684, 0.155493, 1.38684, 0.155493, 1.38684, 0.155493, 1.38684, 0.155493])

names.append("RElbowYaw")
times.append([2, 4.4, 6.8, 9.2, 11.6, 14, 16.4, 18.8, 21.2, 23.6, 26, 28.4])
keys.append([1.18872, 1.18872, 1.18872, 1.18872, 1.18872, 1.18872, 1.18872, 1.18872, 1.18872, 1.18872, 1.18872, 1.18872])

names.append("RHand")
times.append([2, 4.4, 6.8, 9.2, 11.6, 14, 16.4, 18.8, 21.2, 23.6, 26, 28.4])
keys.append([0.3, 0.3, 0.3, 0.3, 0.3, 0.3, 0.3, 0.3, 0.3, 0.3, 0.3, 0.3])

names.append("RShoulderPitch")
times.append([2, 4.4, 6.8, 9.2, 11.6, 14, 16.4, 18.8, 21.2, 23.6, 26, 28.4])
keys.append([0.767065, 0.196503, 0.767065, 0.196503, 0.767065, 0.196503, 0.767065, 0.196503, 0.767065, 0.196503, 0.767065, 0.196503])

names.append("RShoulderRoll")
times.append([2, 4.4, 6.8, 9.2, 11.6, 14, 16.4, 18.8, 21.2, 23.6, 26, 28.4])
keys.append([-0.614356, 0.0856173, -0.614356, 0.0856173, -0.614356, 0.0856173, -0.614356, 0.0856173, -0.614356, 0.0856173, -0.614356, 0.0856173])

names.append("RWristYaw")
times.append([2, 4.4, 6.8, 9.2, 11.6, 14, 16.4, 18.8, 21.2, 23.6, 26, 28.4])
keys.append([-0.733038, -1.24722, -0.733038, -1.24722, -0.733038, -1.24722, -0.733038, -1.24722, -0.733038, -1.24722, -0.733038, -1.24722])

try:
  # uncomment the following line and modify the IP if you use this script outside Choregraphe.
  # motion = ALProxy("ALMotion", IP, 9559)
  motion = ALProxy("ALMotion")
  motion.angleInterpolation(names, keys, times, True)
except BaseException, err:
  print err
